0	0
0.1	0
0.2	0
0.3	0
0.4	0
0.5	0
0.6	0
0.7	0
0.8	0
0.9	0
1.	0
1.1	0
1.2	0
1.3	0
1.4	0
1.5	0
1.6	0
1.7	0
1.8	0
1.9	1.706e-44
2.	3.351e-44
2.1	4.92e-44
2.2	6.513e-44
2.3	8.281e-44
2.4	1.028e-43
2.5	1.247e-43
2.6	1.485e-43
2.7	1.743e-43
2.8	2.02e-43
2.9	2.318e-43
3.	2.635e-43
3.1	2.971e-43
3.2	3.324e-43
3.3	3.693e-43
3.4	4.08e-43
3.5	4.48e-43
3.6	4.892e-43
3.7	5.321e-43
3.8	5.769e-43
3.9	6.239e-43
4.	6.742e-43
4.1	7.266e-43
4.2	7.809e-43
4.3	8.369e-43
4.4	8.936e-43
4.5	9.515e-43
4.6	1.011e-42
4.7	1.072e-42
4.8	1.134e-42
4.9	1.199e-42
5.	1.266e-42
5.1	1.334e-42
5.2	1.404e-42
5.3	1.476e-42
5.4	1.55e-42
5.5	1.626e-42
5.6	1.704e-42
5.7	1.783e-42
5.8	1.865e-42
5.9	1.948e-42
6.	2.033e-42
6.1	2.119e-42
6.2	2.207e-42
6.3	2.296e-42
6.4	2.387e-42
6.5	2.48e-42
6.6	2.574e-42
6.7	2.671e-42
6.8	2.768e-42
6.9	2.868e-42
7.	2.969e-42
7.1	3.072e-42
7.2	3.177e-42
7.3	3.283e-42
7.4	3.391e-42
7.5	3.501e-42
7.6	3.612e-42
7.7	3.725e-42
7.8	3.84e-42
7.9	3.956e-42
8.	4.073e-42
8.1	4.193e-42
8.2	4.313e-42
8.3	4.436e-42
8.4	4.56e-42
8.5	4.685e-42
8.6	4.812e-42
8.7	4.94e-42
8.8	5.071e-42
8.9	5.203e-42
9.	5.337e-42
9.1	5.472e-42
9.2	5.61e-42
9.3	5.749e-42
9.4	5.889e-42
9.5	6.031e-42
9.6	6.175e-42
9.7	6.32e-42
9.8	6.466e-42
9.9	6.614e-42
10.	6.763e-42
10.1	6.913e-42
10.2	7.065e-42
10.3	7.217e-42
10.4	7.371e-42
10.5	7.527e-42
10.6	7.683e-42
10.7	7.841e-42
10.8	7.999e-42
10.9	8.159e-42
11.	8.32e-42
11.1	8.479e-42
11.2	8.639e-42
11.3	8.8e-42
11.4	8.962e-42
11.5	9.126e-42
11.6	9.291e-42
11.7	9.458e-42
11.8	9.627e-42
11.9	9.797e-42
12.	9.97e-42
12.1	1.014e-41
12.2	1.032e-41
12.3	1.05e-41
12.4	1.069e-41
12.5	1.088e-41
12.6	1.107e-41
12.7	1.126e-41
12.8	1.146e-41
12.9	1.166e-41
13.	1.186e-41
13.1	1.206e-41
13.2	1.226e-41
13.3	1.247e-41
13.4	1.267e-41
13.5	1.288e-41
13.6	1.309e-41
13.7	1.33e-41
13.8	1.35e-41
13.9	1.371e-41
14.	1.391e-41
14.1	1.412e-41
14.2	1.433e-41
14.3	1.453e-41
14.4	1.474e-41
14.5	1.495e-41
14.6	1.517e-41
14.7	1.538e-41
14.8	1.56e-41
14.9	1.581e-41
15.	1.603e-41
15.1	1.625e-41
15.2	1.648e-41
15.3	1.67e-41
15.4	1.693e-41
15.5	1.717e-41
15.6	1.741e-41
15.7	1.765e-41
15.8	1.789e-41
15.9	1.813e-41
16.	1.838e-41
16.1	1.862e-41
16.2	1.887e-41
16.3	1.912e-41
16.4	1.937e-41
16.5	1.962e-41
16.6	1.988e-41
16.7	2.013e-41
16.8	2.039e-41
16.9	2.064e-41
17.	2.09e-41
17.1	2.115e-41
17.2	2.14e-41
17.3	2.166e-41
17.4	2.191e-41
17.5	2.217e-41
17.6	2.242e-41
17.7	2.268e-41
17.8	2.294e-41
17.9	2.319e-41
18.	2.345e-41
18.1	2.371e-41
18.2	2.397e-41
18.3	2.424e-41
18.4	2.45e-41
18.5	2.476e-41
18.6	2.503e-41
18.7	2.529e-41
18.8	2.556e-41
18.9	2.583e-41
19.	2.61e-41
19.1	2.637e-41
19.2	2.665e-41
19.3	2.692e-41
19.4	2.72e-41
19.5	2.747e-41
19.6	2.775e-41
19.7	2.803e-41
19.8	2.831e-41
19.9	2.86e-41
20.	2.888e-41
20.1	2.917e-41
20.2	2.945e-41
20.3	2.974e-41
20.4	3.003e-41
20.5	3.032e-41
20.6	3.062e-41
20.7	3.091e-41
20.8	3.12e-41
20.9	3.15e-41
21.	3.18e-41
21.1	3.21e-41
21.2	3.24e-41
21.3	3.271e-41
21.4	3.302e-41
21.5	3.333e-41
21.6	3.364e-41
21.7	3.395e-41
21.8	3.426e-41
21.9	3.458e-41
22.	3.489e-41
22.1	3.521e-41
22.2	3.553e-41
22.3	3.585e-41
22.4	3.617e-41
22.5	3.65e-41
22.6	3.682e-41
22.7	3.714e-41
22.8	3.747e-41
22.9	3.779e-41
23.	3.812e-41
23.1	3.845e-41
23.2	3.878e-41
23.3	3.911e-41
23.4	3.944e-41
23.5	3.977e-41
23.6	4.01e-41
23.7	4.042e-41
23.8	4.075e-41
23.9	4.108e-41
24.	4.14e-41
24.1	4.173e-41
24.2	4.206e-41
24.3	4.238e-41
24.4	4.271e-41
24.5	4.304e-41
24.6	4.337e-41
24.7	4.371e-41
24.8	4.404e-41
24.9	4.437e-41
25.	4.471e-41
25.1	4.504e-41
25.2	4.538e-41
25.3	4.571e-41
25.4	4.605e-41
25.5	4.639e-41
25.6	4.673e-41
25.7	4.707e-41
25.8	4.742e-41
25.9	4.776e-41
26.	4.811e-41
26.1	4.845e-41
26.2	4.88e-41
26.3	4.915e-41
26.4	4.95e-41
26.5	4.986e-41
26.6	5.022e-41
26.7	5.058e-41
26.8	5.095e-41
26.9	5.131e-41
27.	5.168e-41
27.1	5.204e-41
27.2	5.241e-41
27.3	5.278e-41
27.4	5.315e-41
27.5	5.353e-41
27.6	5.39e-41
27.7	5.427e-41
27.8	5.465e-41
27.9	5.503e-41
28.	5.541e-41
28.1	5.578e-41
28.2	5.616e-41
28.3	5.655e-41
28.4	5.693e-41
28.5	5.731e-41
28.6	5.77e-41
28.7	5.808e-41
28.8	5.847e-41
28.9	5.885e-41
29.	5.924e-41
29.1	5.963e-41
29.2	6.002e-41
29.3	6.041e-41
29.4	6.08e-41
29.5	6.119e-41
29.6	6.158e-41
29.7	6.196e-41
29.8	6.235e-41
29.9	6.274e-41
30.	6.313e-41
30.1	6.353e-41
30.2	6.392e-41
30.3	6.431e-41
30.4	6.471e-41
30.5	6.51e-41
30.6	6.55e-41
30.7	6.589e-41
30.8	6.629e-41
30.9	6.669e-41
31.	6.709e-41
31.1	6.748e-41
31.2	6.788e-41
31.3	6.829e-41
31.4	6.869e-41
31.5	6.909e-41
31.6	6.949e-41
31.7	6.99e-41
31.8	7.03e-41
31.9	7.071e-41
32.	7.112e-41
32.1	7.152e-41
32.2	7.193e-41
32.3	7.234e-41
32.4	7.275e-41
32.5	7.316e-41
32.6	7.357e-41
32.7	7.399e-41
32.8	7.44e-41
32.9	7.482e-41
33.	7.524e-41
33.1	7.566e-41
33.2	7.608e-41
33.3	7.65e-41
33.4	7.692e-41
33.5	7.735e-41
33.6	7.777e-41
33.7	7.819e-41
33.8	7.862e-41
33.9	7.905e-41
34.	7.947e-41
34.1	7.99e-41
34.2	8.033e-41
34.3	8.076e-41
34.4	8.119e-41
34.5	8.162e-41
34.6	8.205e-41
34.7	8.248e-41
34.8	8.292e-41
34.9	8.335e-41
35.	8.378e-41
35.1	8.422e-41
35.2	8.465e-41
35.3	8.509e-41
35.4	8.553e-41
35.5	8.596e-41
35.6	8.64e-41
35.7	8.684e-41
35.8	8.728e-41
35.9	8.771e-41
36.	8.815e-41
36.1	8.859e-41
36.2	8.903e-41
36.3	8.948e-41
36.4	8.992e-41
36.5	9.036e-41
36.6	9.08e-41
36.7	9.123e-41
36.8	9.167e-41
36.9	9.21e-41
37.	9.254e-41
37.1	9.297e-41
37.2	9.341e-41
37.3	9.385e-41
37.4	9.428e-41
37.5	9.472e-41
37.6	9.516e-41
37.7	9.56e-41
37.8	9.604e-41
37.9	9.648e-41
38.	9.692e-41
38.1	9.736e-41
38.2	9.78e-41
38.3	9.824e-41
38.4	9.868e-41
38.5	9.913e-41
38.6	9.957e-41
38.7	1.e-40
38.8	1.005e-40
38.9	1.009e-40
39.	1.014e-40
39.1	1.018e-40
39.2	1.022e-40
39.3	1.027e-40
39.4	1.031e-40
39.5	1.036e-40
39.6	1.04e-40
39.7	1.045e-40
39.8	1.05e-40
39.9	1.054e-40
40.	1.059e-40
40.1	1.063e-40
40.2	1.068e-40
40.3	1.072e-40
40.4	1.077e-40
40.5	1.082e-40
40.6	1.086e-40
40.7	1.091e-40
40.8	1.095e-40
40.9	1.1e-40
41.	1.105e-40
41.1	1.109e-40
41.2	1.114e-40
41.3	1.119e-40
41.4	1.123e-40
41.5	1.128e-40
41.6	1.133e-40
41.7	1.138e-40
41.8	1.142e-40
41.9	1.147e-40
42.	1.152e-40
42.1	1.157e-40
42.2	1.161e-40
42.3	1.166e-40
42.4	1.171e-40
42.5	1.176e-40
42.6	1.181e-40
42.7	1.186e-40
42.8	1.19e-40
42.9	1.195e-40
43.	1.2e-40
43.1	1.205e-40
43.2	1.21e-40
43.3	1.215e-40
43.4	1.22e-40
43.5	1.225e-40
43.6	1.23e-40
43.7	1.235e-40
43.8	1.24e-40
43.9	1.245e-40
44.	1.25e-40
44.1	1.255e-40
44.2	1.26e-40
44.3	1.265e-40
44.4	1.27e-40
44.5	1.276e-40
44.6	1.281e-40
44.7	1.286e-40
44.8	1.291e-40
44.9	1.296e-40
45.	1.301e-40
45.1	1.306e-40
45.2	1.312e-40
45.3	1.317e-40
45.4	1.322e-40
45.5	1.327e-40
45.6	1.332e-40
45.7	1.338e-40
45.8	1.343e-40
45.9	1.348e-40
46.	1.353e-40
46.1	1.359e-40
46.2	1.364e-40
46.3	1.369e-40
46.4	1.374e-40
46.5	1.38e-40
46.6	1.385e-40
46.7	1.39e-40
46.8	1.395e-40
46.9	1.401e-40
47.	1.406e-40
47.1	1.411e-40
47.2	1.417e-40
47.3	1.422e-40
47.4	1.427e-40
47.5	1.433e-40
47.6	1.438e-40
47.7	1.443e-40
47.8	1.449e-40
47.9	1.454e-40
48.	1.459e-40
48.1	1.465e-40
48.2	1.47e-40
48.3	1.475e-40
48.4	1.48e-40
48.5	1.486e-40
48.6	1.491e-40
48.7	1.496e-40
48.8	1.501e-40
48.9	1.507e-40
49.	1.512e-40
49.1	1.517e-40
49.2	1.522e-40
49.3	1.527e-40
49.4	1.533e-40
49.5	1.538e-40
49.6	1.543e-40
49.7	1.548e-40
49.8	1.554e-40
49.9	1.559e-40
50.	1.564e-40