0	0
0.1	0
0.2	0
0.3	0
0.4	0
0.5	0
0.6	0
0.7	0
0.8	0
0.9	0
1.	0
1.1	0
1.2	0
1.3	0
1.4	0
1.5	0
1.6	0
1.7	0
1.8	0
1.9	0
2.	0
2.1	0
2.2	0
2.3	2.933e-48
2.4	4.263e-47
2.5	1.691e-46
2.6	4.194e-46
2.7	8.316e-46
2.8	1.432e-45
2.9	2.246e-45
3.	3.293e-45
3.1	4.592e-45
3.2	6.159e-45
3.3	8.008e-45
3.4	1.015e-44
3.5	1.26e-44
3.6	1.537e-44
3.7	1.847e-44
3.8	2.191e-44
3.9	2.568e-44
4.	2.981e-44
4.1	3.43e-44
4.2	3.925e-44
4.3	4.449e-44
4.4	5.01e-44
4.5	5.609e-44
4.6	6.247e-44
4.7	6.925e-44
4.8	7.641e-44
4.9	8.397e-44
5.	9.193e-44
5.1	1.003e-43
5.2	1.091e-43
5.3	1.182e-43
5.4	1.277e-43
5.5	1.377e-43
5.6	1.481e-43
5.7	1.588e-43
5.8	1.7e-43
5.9	1.817e-43
6.	1.937e-43
6.1	2.061e-43
6.2	2.19e-43
6.3	2.323e-43
6.4	2.46e-43
6.5	2.602e-43
6.6	2.748e-43
6.7	2.898e-43
6.8	3.052e-43
6.9	3.211e-43
7.	3.374e-43
7.1	3.541e-43
7.2	3.713e-43
7.3	3.889e-43
7.4	4.07e-43
7.5	4.254e-43
7.6	4.459e-43
7.7	4.653e-43
7.8	4.851e-43
7.9	5.054e-43
8.	5.261e-43
8.1	5.472e-43
8.2	5.688e-43
8.3	5.908e-43
8.4	6.133e-43
8.5	6.362e-43
8.6	6.595e-43
8.7	6.834e-43
8.8	7.076e-43
8.9	7.323e-43
9.	7.575e-43
9.1	7.831e-43
9.2	8.091e-43
9.3	8.356e-43
9.4	8.626e-43
9.5	8.9e-43
9.6	9.179e-43
9.7	9.462e-43
9.8	9.75e-43
9.9	1.004e-42
10.	1.034e-42
10.1	1.064e-42
10.2	1.095e-42
10.3	1.126e-42
10.4	1.157e-42
10.5	1.189e-42
10.6	1.222e-42
10.7	1.255e-42
10.8	1.288e-42
10.9	1.322e-42
11.	1.356e-42
11.1	1.391e-42
11.2	1.426e-42
11.3	1.462e-42
11.4	1.498e-42
11.5	1.535e-42
11.6	1.572e-42
11.7	1.602e-42
11.8	1.64e-42
11.9	1.678e-42
12.	1.716e-42
12.1	1.755e-42
12.2	1.794e-42
12.3	1.833e-42
12.4	1.873e-42
12.5	1.914e-42
12.6	1.955e-42
12.7	1.996e-42
12.8	2.038e-42
12.9	2.091e-42
13.	2.135e-42
13.1	2.178e-42
13.2	2.222e-42
13.3	2.267e-42
13.4	2.312e-42
13.5	2.357e-42
13.6	2.403e-42
13.7	2.448e-42
13.8	2.494e-42
13.9	2.54e-42
14.	2.592e-42
14.1	2.639e-42
14.2	2.686e-42
14.3	2.734e-42
14.4	2.782e-42
14.5	2.794e-42
14.6	2.842e-42
14.7	2.89e-42
14.8	2.939e-42
14.9	2.988e-42
15.	3.038e-42
15.1	3.088e-42
15.2	3.139e-42
15.3	3.19e-42
15.4	3.241e-42
15.5	3.293e-42
15.6	3.345e-42
15.7	3.398e-42
15.8	3.451e-42
15.9	3.505e-42
16.	3.559e-42
16.1	3.613e-42
16.2	3.668e-42
16.3	3.723e-42
16.4	3.779e-42
16.5	3.835e-42
16.6	3.892e-42
16.7	3.949e-42
16.8	4.007e-42
16.9	4.065e-42
17.	4.196e-42
17.1	4.257e-42
17.2	4.318e-42
17.3	4.38e-42
17.4	4.442e-42
17.5	4.505e-42
17.6	4.568e-42
17.7	4.632e-42
17.8	4.696e-42
17.9	4.761e-42
18.	4.801e-42
18.1	4.865e-42
18.2	4.928e-42
18.3	4.993e-42
18.4	5.057e-42
18.5	5.123e-42
18.6	5.188e-42
18.7	5.254e-42
18.8	5.321e-42
18.9	5.388e-42
19.	5.456e-42
19.1	5.524e-42
19.2	5.592e-42
19.3	5.661e-42
19.4	5.731e-42
19.5	5.801e-42
19.6	5.871e-42
19.7	5.942e-42
19.8	6.013e-42
19.9	6.085e-42
20.	6.158e-42
20.1	6.231e-42
20.2	6.304e-42
20.3	6.378e-42
20.4	6.452e-42
20.5	6.527e-42
20.6	6.603e-42
20.7	6.679e-42
20.8	6.755e-42
20.9	6.832e-42
21.	6.909e-42
21.1	7.043e-42
21.2	7.121e-42
21.3	7.2e-42
21.4	7.279e-42
21.5	7.359e-42
21.6	7.44e-42
21.7	7.52e-42
21.8	7.602e-42
21.9	7.684e-42
22.	7.728e-42
22.1	7.808e-42
22.2	7.888e-42
22.3	7.969e-42
22.4	8.051e-42
22.5	8.133e-42
22.6	8.215e-42
22.7	8.298e-42
22.8	8.382e-42
22.9	8.466e-42
23.	8.55e-42
23.1	8.692e-42
23.2	8.776e-42
23.3	8.861e-42
23.4	8.946e-42
23.5	9.031e-42
23.6	9.118e-42
23.7	9.204e-42
23.8	9.291e-42
23.9	9.379e-42
24.	9.467e-42
24.1	9.556e-42
24.2	9.645e-42
24.3	9.735e-42
24.4	9.825e-42
24.5	9.915e-42
24.6	1.001e-41
24.7	1.01e-41
24.8	1.019e-41
24.9	1.028e-41
25.	1.038e-41
25.1	1.047e-41
25.2	1.056e-41
25.3	1.066e-41
25.4	1.076e-41
25.5	1.085e-41
25.6	1.095e-41
25.7	1.104e-41
25.8	1.114e-41
25.9	1.124e-41
26.	1.134e-41
26.1	1.144e-41
26.2	1.154e-41
26.3	1.164e-41
26.4	1.174e-41
26.5	1.184e-41
26.6	1.194e-41
26.7	1.204e-41
26.8	1.215e-41
26.9	1.225e-41
27.	1.236e-41
27.1	1.246e-41
27.2	1.257e-41
27.3	1.267e-41
27.4	1.278e-41
27.5	1.288e-41
27.6	1.299e-41
27.7	1.31e-41
27.8	1.321e-41
27.9	1.332e-41
28.	1.343e-41
28.1	1.354e-41
28.2	1.365e-41
28.3	1.376e-41
28.4	1.387e-41
28.5	1.396e-41
28.6	1.408e-41
28.7	1.419e-41
28.8	1.43e-41
28.9	1.441e-41
29.	1.452e-41
29.1	1.464e-41
29.2	1.475e-41
29.3	1.487e-41
29.4	1.498e-41
29.5	1.51e-41
29.6	1.521e-41
29.7	1.533e-41
29.8	1.544e-41
29.9	1.556e-41
30.	1.568e-41
30.1	1.579e-41
30.2	1.591e-41
30.3	1.602e-41
30.4	1.613e-41
30.5	1.625e-41
30.6	1.636e-41
30.7	1.647e-41
30.8	1.659e-41
30.9	1.67e-41
31.	1.682e-41
31.1	1.694e-41
31.2	1.705e-41
31.3	1.717e-41
31.4	1.731e-41
31.5	1.743e-41
31.6	1.754e-41
31.7	1.766e-41
31.8	1.778e-41
31.9	1.79e-41
32.	1.802e-41
32.1	1.814e-41
32.2	1.826e-41
32.3	1.838e-41
32.4	1.85e-41
32.5	1.862e-41
32.6	1.875e-41
32.7	1.887e-41
32.8	1.899e-41
32.9	1.912e-41
33.	1.924e-41
33.1	1.937e-41
33.2	1.949e-41
33.3	1.962e-41
33.4	1.975e-41
33.5	1.987e-41
33.6	2.e-41
33.7	2.013e-41
33.8	2.026e-41
33.9	2.039e-41
34.	2.052e-41
34.1	2.065e-41
34.2	2.067e-41
34.3	2.08e-41
34.4	2.093e-41
34.5	2.106e-41
34.6	2.119e-41
34.7	2.132e-41
34.8	2.146e-41
34.9	2.159e-41
35.	2.172e-41
35.1	2.186e-41
35.2	2.199e-41
35.3	2.213e-41
35.4	2.226e-41
35.5	2.24e-41
35.6	2.254e-41
35.7	2.268e-41
35.8	2.282e-41
35.9	2.295e-41
36.	2.309e-41
36.1	2.324e-41
36.2	2.338e-41
36.3	2.352e-41
36.4	2.366e-41
36.5	2.38e-41
36.6	2.395e-41
36.7	2.409e-41
36.8	2.423e-41
36.9	2.438e-41
37.	2.453e-41
37.1	2.467e-41
37.2	2.482e-41
37.3	2.497e-41
37.4	2.511e-41
37.5	2.526e-41
37.6	2.541e-41
37.7	2.556e-41
37.8	2.571e-41
37.9	2.587e-41
38.	2.602e-41
38.1	2.617e-41
38.2	2.632e-41
38.3	2.648e-41
38.4	2.663e-41
38.5	2.679e-41
38.6	2.694e-41
38.7	2.71e-41
38.8	2.726e-41
38.9	2.741e-41
39.	2.776e-41
39.1	2.79e-41
39.2	2.805e-41
39.3	2.82e-41
39.4	2.835e-41
39.5	2.85e-41
39.6	2.865e-41
39.7	2.88e-41
39.8	2.895e-41
39.9	2.91e-41
40.	2.925e-41
40.1	2.94e-41
40.2	2.956e-41
40.3	2.971e-41
40.4	2.942e-41
40.5	2.957e-41
40.6	2.973e-41
40.7	2.988e-41
40.8	3.004e-41
40.9	3.02e-41
41.	3.036e-41
41.1	3.052e-41
41.2	3.017e-41
41.3	3.034e-41
41.4	3.051e-41
41.5	3.067e-41
41.6	3.084e-41
41.7	3.101e-41
41.8	3.118e-41
41.9	3.135e-41
42.	3.152e-41
42.1	3.17e-41
42.2	3.187e-41
42.3	3.204e-41
42.4	3.222e-41
42.5	3.239e-41
42.6	3.257e-41
42.7	3.274e-41
42.8	3.292e-41
42.9	3.31e-41
43.	3.328e-41
43.1	3.346e-41
43.2	3.364e-41
43.3	3.382e-41
43.4	3.436e-41
43.5	3.454e-41
43.6	3.511e-41
43.7	3.529e-41
43.8	3.546e-41
43.9	3.564e-41
44.	3.581e-41
44.1	3.599e-41
44.2	3.616e-41
44.3	3.634e-41
44.4	3.652e-41
44.5	3.67e-41
44.6	3.688e-41
44.7	3.705e-41
44.8	3.723e-41
44.9	3.742e-41
45.	3.76e-41
45.1	3.778e-41
45.2	3.796e-41
45.3	3.814e-41
45.4	3.833e-41
45.5	3.851e-41
45.6	3.869e-41
45.7	3.888e-41
45.8	3.906e-41
45.9	3.925e-41
46.	3.944e-41
46.1	3.962e-41
46.2	3.981e-41
46.3	4.e-41
46.4	4.018e-41
46.5	4.037e-41
46.6	4.056e-41
46.7	4.075e-41
46.8	4.094e-41
46.9	4.113e-41
47.	4.131e-41
47.1	4.149e-41
47.2	4.167e-41
47.3	4.186e-41
47.4	4.204e-41
47.5	4.222e-41
47.6	4.241e-41
47.7	4.259e-41
47.8	4.278e-41
47.9	4.296e-41
48.	4.315e-41
48.1	4.334e-41
48.2	4.353e-41
48.3	4.372e-41
48.4	4.391e-41
48.5	4.41e-41
48.6	4.429e-41
48.7	4.448e-41
48.8	4.467e-41
48.9	4.486e-41
49.	4.506e-41
49.1	4.525e-41
49.2	4.545e-41
49.3	4.564e-41
49.4	4.584e-41
49.5	4.604e-41
49.6	4.624e-41
49.7	4.644e-41
49.8	4.664e-41
49.9	4.684e-41
50.	4.704e-41