0	0
0.1	0
0.2	0
0.3	0
0.4	0
0.5	0
0.6	0
0.7	0
0.8	0
0.9	0
1.	0
1.1	0
1.2	0
1.3	0
1.4	0
1.5	4.785e-48
1.6	1.118e-46
1.7	4.538e-46
1.8	1.108e-45
1.9	2.126e-45
2.	3.544e-45
2.1	5.392e-45
2.2	7.7e-45
2.3	1.049e-44
2.4	1.38e-44
2.5	1.763e-44
2.6	2.202e-44
2.7	2.699e-44
2.8	3.256e-44
2.9	3.871e-44
3.	4.551e-44
3.1	5.297e-44
3.2	6.111e-44
3.3	6.994e-44
3.4	7.941e-44
3.5	8.959e-44
3.6	1.005e-43
3.7	1.121e-43
3.8	1.244e-43
3.9	1.376e-43
4.	1.515e-43
4.1	1.662e-43
4.2	1.817e-43
4.3	1.98e-43
4.4	2.151e-43
4.5	2.329e-43
4.6	2.515e-43
4.7	2.71e-43
4.8	2.913e-43
4.9	3.125e-43
5.	3.345e-43
5.1	3.574e-43
5.2	3.812e-43
5.3	4.058e-43
5.4	4.313e-43
5.5	4.576e-43
5.6	4.847e-43
5.7	5.127e-43
5.8	5.416e-43
5.9	5.714e-43
6.	6.022e-43
6.1	6.339e-43
6.2	6.665e-43
6.3	7.001e-43
6.4	7.346e-43
6.5	7.701e-43
6.6	8.065e-43
6.7	8.44e-43
6.8	8.824e-43
6.9	9.218e-43
7.	9.621e-43
7.1	1.003e-42
7.2	1.045e-42
7.3	1.088e-42
7.4	1.132e-42
7.5	1.177e-42
7.6	1.223e-42
7.7	1.27e-42
7.8	1.318e-42
7.9	1.367e-42
8.	1.416e-42
8.1	1.467e-42
8.2	1.519e-42
8.3	1.573e-42
8.4	1.627e-42
8.5	1.682e-42
8.6	1.738e-42
8.7	1.795e-42
8.8	1.853e-42
8.9	1.913e-42
9.	1.973e-42
9.1	2.035e-42
9.2	2.097e-42
9.3	2.158e-42
9.4	2.222e-42
9.5	2.288e-42
9.6	2.354e-42
9.7	2.421e-42
9.8	2.49e-42
9.9	2.559e-42
10.	2.629e-42
10.1	2.701e-42
10.2	2.773e-42
10.3	2.846e-42
10.4	2.921e-42
10.5	2.997e-42
10.6	3.073e-42
10.7	3.151e-42
10.8	3.23e-42
10.9	3.309e-42
11.	3.39e-42
11.1	3.473e-42
11.2	3.556e-42
11.3	3.64e-42
11.4	3.725e-42
11.5	3.812e-42
11.6	3.899e-42
11.7	3.988e-42
11.8	4.078e-42
11.9	4.169e-42
12.	4.261e-42
12.1	4.354e-42
12.2	4.448e-42
12.3	4.543e-42
12.4	4.64e-42
12.5	4.738e-42
12.6	4.837e-42
12.7	4.937e-42
12.8	5.038e-42
12.9	5.14e-42
13.	5.243e-42
13.1	5.348e-42
13.2	5.453e-42
13.3	5.56e-42
13.4	5.668e-42
13.5	5.776e-42
13.6	5.886e-42
13.7	5.998e-42
13.8	6.11e-42
13.9	6.223e-42
14.	6.338e-42
14.1	6.453e-42
14.2	6.57e-42
14.3	6.688e-42
14.4	6.807e-42
14.5	6.927e-42
14.6	7.049e-42
14.7	7.171e-42
14.8	7.295e-42
14.9	7.419e-42
15.	7.545e-42
15.1	7.672e-42
15.2	7.8e-42
15.3	7.929e-42
15.4	8.06e-42
15.5	8.191e-42
15.6	8.324e-42
15.7	8.458e-42
15.8	8.593e-42
15.9	8.729e-42
16.	8.866e-42
16.1	9.004e-42
16.2	9.144e-42
16.3	9.284e-42
16.4	9.426e-42
16.5	9.569e-42
16.6	9.713e-42
16.7	9.858e-42
16.8	1.e-41
16.9	1.015e-41
17.	1.03e-41
17.1	1.045e-41
17.2	1.06e-41
17.3	1.075e-41
17.4	1.09e-41
17.5	1.106e-41
17.6	1.121e-41
17.7	1.137e-41
17.8	1.153e-41
17.9	1.169e-41
18.	1.185e-41
18.1	1.201e-41
18.2	1.217e-41
18.3	1.233e-41
18.4	1.249e-41
18.5	1.266e-41
18.6	1.282e-41
18.7	1.298e-41
18.8	1.315e-41
18.9	1.331e-41
19.	1.348e-41
19.1	1.365e-41
19.2	1.382e-41
19.3	1.4e-41
19.4	1.417e-41
19.5	1.435e-41
19.6	1.453e-41
19.7	1.47e-41
19.8	1.488e-41
19.9	1.506e-41
20.	1.524e-41
20.1	1.543e-41
20.2	1.561e-41
20.3	1.579e-41
20.4	1.598e-41
20.5	1.616e-41
20.6	1.635e-41
20.7	1.654e-41
20.8	1.673e-41
20.9	1.692e-41
21.	1.711e-41
21.1	1.73e-41
21.2	1.75e-41
21.3	1.769e-41
21.4	1.789e-41
21.5	1.808e-41
21.6	1.828e-41
21.7	1.848e-41
21.8	1.868e-41
21.9	1.888e-41
22.	1.909e-41
22.1	1.929e-41
22.2	1.95e-41
22.3	1.97e-41
22.4	1.991e-41
22.5	2.012e-41
22.6	2.033e-41
22.7	2.054e-41
22.8	2.076e-41
22.9	2.097e-41
23.	2.119e-41
23.1	2.14e-41
23.2	2.162e-41
23.3	2.184e-41
23.4	2.206e-41
23.5	2.228e-41
23.6	2.25e-41
23.7	2.273e-41
23.8	2.295e-41
23.9	2.318e-41
24.	2.341e-41
24.1	2.364e-41
24.2	2.386e-41
24.3	2.41e-41
24.4	2.433e-41
24.5	2.456e-41
24.6	2.48e-41
24.7	2.504e-41
24.8	2.528e-41
24.9	2.552e-41
25.	2.575e-41
25.1	2.6e-41
25.2	2.624e-41
25.3	2.649e-41
25.4	2.673e-41
25.5	2.698e-41
25.6	2.723e-41
25.7	2.748e-41
25.8	2.773e-41
25.9	2.798e-41
26.	2.824e-41
26.1	2.85e-41
26.2	2.876e-41
26.3	2.901e-41
26.4	2.928e-41
26.5	2.954e-41
26.6	2.98e-41
26.7	3.007e-41
26.8	3.034e-41
26.9	3.061e-41
27.	3.088e-41
27.1	3.115e-41
27.2	3.142e-41
27.3	3.169e-41
27.4	3.312e-41
27.5	3.34e-41
27.6	3.369e-41
27.7	3.397e-41
27.8	3.426e-41
27.9	3.455e-41
28.	3.484e-41
28.1	3.512e-41
28.2	3.541e-41
28.3	3.57e-41
28.4	3.598e-41
28.5	3.627e-41
28.6	3.657e-41
28.7	3.687e-41
28.8	3.717e-41
28.9	3.747e-41
29.	3.777e-41
29.1	3.807e-41
29.2	3.838e-41
29.3	3.869e-41
29.4	3.9e-41
29.5	3.931e-41
29.6	3.962e-41
29.7	3.993e-41
29.8	4.025e-41
29.9	4.057e-41
30.	4.088e-41
30.1	4.12e-41
30.2	4.153e-41
30.3	4.185e-41
30.4	4.218e-41
30.5	4.25e-41
30.6	4.283e-41
30.7	4.316e-41
30.8	4.349e-41
30.9	4.383e-41
31.	4.416e-41
31.1	4.45e-41
31.2	4.484e-41
31.3	4.518e-41
31.4	4.552e-41
31.5	4.586e-41
31.6	4.62e-41
31.7	4.655e-41
31.8	4.69e-41
31.9	4.725e-41
32.	4.76e-41
32.1	4.795e-41
32.2	4.831e-41
32.3	4.867e-41
32.4	4.903e-41
32.5	4.937e-41
32.6	4.974e-41
32.7	5.009e-41
32.8	5.045e-41
32.9	5.081e-41
33.	5.118e-41
33.1	5.155e-41
33.2	5.193e-41
33.3	5.23e-41
33.4	5.267e-41
33.5	5.305e-41
33.6	5.342e-41
33.7	5.381e-41
33.8	5.419e-41
33.9	5.458e-41
34.	5.497e-41
34.1	5.536e-41
34.2	5.575e-41
34.3	5.615e-41
34.4	5.655e-41
34.5	5.694e-41
34.6	5.735e-41
34.7	5.775e-41
34.8	5.815e-41
34.9	5.856e-41
35.	5.897e-41
35.1	5.938e-41
35.2	5.98e-41
35.3	6.021e-41
35.4	6.063e-41
35.5	6.105e-41
35.6	6.147e-41
35.7	6.189e-41
35.8	6.232e-41
35.9	6.275e-41
36.	6.318e-41
36.1	6.361e-41
36.2	6.404e-41
36.3	6.448e-41
36.4	6.492e-41
36.5	6.536e-41
36.6	6.58e-41
36.7	6.625e-41
36.8	6.669e-41
36.9	6.714e-41
37.	6.76e-41
37.1	6.805e-41
37.2	6.851e-41
37.3	6.896e-41
37.4	6.943e-41
37.5	6.989e-41
37.6	7.035e-41
37.7	7.082e-41
37.8	7.129e-41
37.9	7.176e-41
38.	7.224e-41
38.1	7.271e-41
38.2	7.319e-41
38.3	7.368e-41
38.4	7.416e-41
38.5	7.465e-41
38.6	7.514e-41
38.7	7.563e-41
38.8	7.612e-41
38.9	7.662e-41
39.	7.712e-41
39.1	7.762e-41
39.2	7.812e-41
39.3	7.863e-41
39.4	7.914e-41
39.5	7.965e-41
39.6	8.016e-41
39.7	8.068e-41
39.8	8.12e-41
39.9	8.172e-41
40.	8.224e-41
40.1	8.277e-41
40.2	8.33e-41
40.3	8.383e-41
40.4	8.436e-41
40.5	8.49e-41
40.6	8.544e-41
40.7	8.598e-41
40.8	8.652e-41
40.9	8.707e-41
41.	8.762e-41
41.1	8.817e-41
41.2	8.872e-41
41.3	8.928e-41
41.4	8.984e-41
41.5	9.04e-41
41.6	9.097e-41
41.7	9.154e-41
41.8	9.211e-41
41.9	9.268e-41
42.	9.326e-41
42.1	9.384e-41
42.2	9.442e-41
42.3	9.5e-41
42.4	9.559e-41
42.5	9.618e-41
42.6	9.677e-41
42.7	9.737e-41
42.8	9.797e-41
42.9	9.857e-41
43.	9.917e-41
43.1	9.978e-41
43.2	1.004e-40
43.3	1.01e-40
43.4	1.016e-40
43.5	1.022e-40
43.6	1.029e-40
43.7	1.035e-40
43.8	1.041e-40
43.9	1.047e-40
44.	1.054e-40
44.1	1.06e-40
44.2	1.066e-40
44.3	1.073e-40
44.4	1.079e-40
44.5	1.086e-40
44.6	1.092e-40
44.7	1.099e-40
44.8	1.105e-40
44.9	1.112e-40
45.	1.118e-40
45.1	1.125e-40
45.2	1.132e-40
45.3	1.138e-40
45.4	1.136e-40
45.5	1.142e-40
45.6	1.149e-40
45.7	1.155e-40
45.8	1.161e-40
45.9	1.167e-40
46.	1.174e-40
46.1	1.18e-40
46.2	1.186e-40
46.3	1.193e-40
46.4	1.199e-40
46.5	1.206e-40
46.6	1.212e-40
46.7	1.219e-40
46.8	1.225e-40
46.9	1.232e-40
47.	1.238e-40
47.1	1.245e-40
47.2	1.252e-40
47.3	1.258e-40
47.4	1.265e-40
47.5	1.272e-40
47.6	1.278e-40
47.7	1.285e-40
47.8	1.292e-40
47.9	1.299e-40
48.	1.306e-40
48.1	1.313e-40
48.2	1.32e-40
48.3	1.327e-40
48.4	1.334e-40
48.5	1.341e-40
48.6	1.348e-40
48.7	1.355e-40
48.8	1.362e-40
48.9	1.369e-40
49.	1.376e-40
49.1	1.383e-40
49.2	1.39e-40
49.3	1.398e-40
49.4	1.405e-40
49.5	1.412e-40
49.6	1.42e-40
49.7	1.427e-40
49.8	1.434e-40
49.9	1.442e-40
50.	1.449e-40