0	0
0.1	0
0.2	0
0.3	0
0.4	0
0.5	0
0.6	0
0.7	0
0.8	0
0.9	0
1.	0
1.1	0
1.2	0
1.3	0
1.4	0
1.5	0
1.6	0
1.7	0
1.8	0
1.9	0
2.	0
2.1	0
2.2	0
2.3	2.924e-48
2.4	4.287e-47
2.5	1.704e-46
2.6	4.258e-46
2.7	8.438e-46
2.8	1.453e-45
2.9	2.279e-45
3.	3.343e-45
3.1	4.665e-45
3.2	6.261e-45
3.3	8.147e-45
3.4	1.034e-44
3.5	1.284e-44
3.6	1.568e-44
3.7	1.885e-44
3.8	2.237e-44
3.9	2.625e-44
4.	3.049e-44
4.1	3.511e-44
4.2	4.011e-44
4.3	4.55e-44
4.4	5.128e-44
4.5	5.746e-44
4.6	6.404e-44
4.7	7.104e-44
4.8	7.845e-44
4.9	8.629e-44
5.	9.455e-44
5.1	1.032e-43
5.2	1.124e-43
5.3	1.219e-43
5.4	1.319e-43
5.5	1.424e-43
5.6	1.533e-43
5.7	1.646e-43
5.8	1.764e-43
5.9	1.886e-43
6.	2.013e-43
6.1	2.145e-43
6.2	2.281e-43
6.3	2.422e-43
6.4	2.567e-43
6.5	2.717e-43
6.6	2.871e-43
6.7	3.03e-43
6.8	3.194e-43
6.9	3.362e-43
7.	3.534e-43
7.1	3.711e-43
7.2	3.891e-43
7.3	4.076e-43
7.4	4.262e-43
7.5	4.451e-43
7.6	4.645e-43
7.7	4.843e-43
7.8	5.045e-43
7.9	5.252e-43
8.	5.462e-43
8.1	5.677e-43
8.2	5.981e-43
8.3	6.219e-43
8.4	6.463e-43
8.5	6.712e-43
8.6	6.966e-43
8.7	7.225e-43
8.8	7.489e-43
8.9	7.759e-43
9.	8.034e-43
9.1	8.314e-43
9.2	8.599e-43
9.3	8.89e-43
9.4	9.185e-43
9.5	9.486e-43
9.6	9.792e-43
9.7	1.01e-42
9.8	1.042e-42
9.9	1.074e-42
10.	1.107e-42
10.1	1.14e-42
10.2	1.174e-42
10.3	1.208e-42
10.4	1.242e-42
10.5	1.277e-42
10.6	1.313e-42
10.7	1.349e-42
10.8	1.385e-42
10.9	1.422e-42
11.	1.459e-42
11.1	1.495e-42
11.2	1.532e-42
11.3	1.57e-42
11.4	1.608e-42
11.5	1.646e-42
11.6	1.685e-42
11.7	1.724e-42
11.8	1.764e-42
11.9	1.804e-42
12.	1.845e-42
12.1	1.886e-42
12.2	1.928e-42
12.3	1.97e-42
12.4	2.013e-42
12.5	2.056e-42
12.6	2.099e-42
12.7	2.143e-42
12.8	2.188e-42
12.9	2.233e-42
13.	2.279e-42
13.1	2.325e-42
13.2	2.371e-42
13.3	2.418e-42
13.4	2.466e-42
13.5	2.514e-42
13.6	2.563e-42
13.7	2.612e-42
13.8	2.661e-42
13.9	2.711e-42
14.	2.762e-42
14.1	2.813e-42
14.2	2.865e-42
14.3	2.917e-42
14.4	2.969e-42
14.5	3.023e-42
14.6	3.076e-42
14.7	3.13e-42
14.8	3.185e-42
14.9	3.24e-42
15.	3.296e-42
15.1	3.353e-42
15.2	3.409e-42
15.3	3.467e-42
15.4	3.525e-42
15.5	3.583e-42
15.6	3.642e-42
15.7	3.702e-42
15.8	3.762e-42
15.9	3.823e-42
16.	3.884e-42
16.1	3.946e-42
16.2	4.008e-42
16.3	4.071e-42
16.4	4.134e-42
16.5	4.198e-42
16.6	4.263e-42
16.7	4.328e-42
16.8	4.394e-42
16.9	4.46e-42
17.	4.527e-42
17.1	4.595e-42
17.2	4.663e-42
17.3	4.731e-42
17.4	4.801e-42
17.5	4.871e-42
17.6	4.941e-42
17.7	5.012e-42
17.8	5.084e-42
17.9	5.156e-42
18.	5.229e-42
18.1	5.303e-42
18.2	5.377e-42
18.3	5.452e-42
18.4	5.527e-42
18.5	5.603e-42
18.6	5.68e-42
18.7	5.757e-42
18.8	5.835e-42
18.9	5.914e-42
19.	5.993e-42
19.1	6.073e-42
19.2	6.153e-42
19.3	6.235e-42
19.4	6.316e-42
19.5	6.399e-42
19.6	6.482e-42
19.7	6.566e-42
19.8	6.651e-42
19.9	6.736e-42
20.	6.822e-42
20.1	6.909e-42
20.2	6.996e-42
20.3	7.084e-42
20.4	7.173e-42
20.5	7.262e-42
20.6	7.352e-42
20.7	7.443e-42
20.8	7.535e-42
20.9	7.627e-42
21.	7.72e-42
21.1	7.814e-42
21.2	7.909e-42
21.3	8.004e-42
21.4	8.1e-42
21.5	8.197e-42
21.6	8.295e-42
21.7	8.393e-42
21.8	8.492e-42
21.9	8.592e-42
22.	8.693e-42
22.1	8.794e-42
22.2	8.896e-42
22.3	8.999e-42
22.4	9.141e-42
22.5	9.244e-42
22.6	9.347e-42
22.7	9.452e-42
22.8	9.557e-42
22.9	9.663e-42
23.	9.77e-42
23.1	9.878e-42
23.2	9.986e-42
23.3	1.01e-41
23.4	1.021e-41
23.5	1.032e-41
23.6	1.043e-41
23.7	1.054e-41
23.8	1.065e-41
23.9	1.077e-41
24.	1.088e-41
24.1	1.1e-41
24.2	1.111e-41
24.3	1.123e-41
24.4	1.135e-41
24.5	1.147e-41
24.6	1.159e-41
24.7	1.171e-41
24.8	1.183e-41
24.9	1.195e-41
25.	1.208e-41
25.1	1.22e-41
25.2	1.233e-41
25.3	1.245e-41
25.4	1.258e-41
25.5	1.271e-41
25.6	1.283e-41
25.7	1.296e-41
25.8	1.309e-41
25.9	1.322e-41
26.	1.336e-41
26.1	1.349e-41
26.2	1.362e-41
26.3	1.375e-41
26.4	1.389e-41
26.5	1.402e-41
26.6	1.416e-41
26.7	1.43e-41
26.8	1.443e-41
26.9	1.457e-41
27.	1.471e-41
27.1	1.485e-41
27.2	1.498e-41
27.3	1.512e-41
27.4	1.526e-41
27.5	1.54e-41
27.6	1.553e-41
27.7	1.567e-41
27.8	1.58e-41
27.9	1.592e-41
28.	1.605e-41
28.1	1.617e-41
28.2	1.63e-41
28.3	1.642e-41
28.4	1.655e-41
28.5	1.668e-41
28.6	1.681e-41
28.7	1.694e-41
28.8	1.707e-41
28.9	1.72e-41
29.	1.733e-41
29.1	1.746e-41
29.2	1.759e-41
29.3	1.772e-41
29.4	1.786e-41
29.5	1.799e-41
29.6	1.813e-41
29.7	1.826e-41
29.8	1.84e-41
29.9	1.853e-41
30.	1.867e-41
30.1	1.881e-41
30.2	1.895e-41
30.3	1.909e-41
30.4	1.923e-41
30.5	1.937e-41
30.6	1.952e-41
30.7	1.966e-41
30.8	1.98e-41
30.9	1.995e-41
31.	2.009e-41
31.1	2.024e-41
31.2	2.039e-41
31.3	2.053e-41
31.4	2.068e-41
31.5	2.083e-41
31.6	2.098e-41
31.7	2.113e-41
31.8	2.128e-41
31.9	2.144e-41
32.	2.159e-41
32.1	2.174e-41
32.2	2.19e-41
32.3	2.205e-41
32.4	2.221e-41
32.5	2.237e-41
32.6	2.253e-41
32.7	2.269e-41
32.8	2.285e-41
32.9	2.301e-41
33.	2.317e-41
33.1	2.333e-41
33.2	2.349e-41
33.3	2.366e-41
33.4	2.382e-41
33.5	2.399e-41
33.6	2.416e-41
33.7	2.432e-41
33.8	2.449e-41
33.9	2.466e-41
34.	2.483e-41
34.1	2.5e-41
34.2	2.518e-41
34.3	2.535e-41
34.4	2.552e-41
34.5	2.57e-41
34.6	2.587e-41
34.7	2.605e-41
34.8	2.623e-41
34.9	2.663e-41
35.	2.679e-41
35.1	2.696e-41
35.2	2.713e-41
35.3	2.73e-41
35.4	2.646e-41
35.5	2.664e-41
35.6	2.681e-41
35.7	2.699e-41
35.8	2.716e-41
35.9	2.734e-41
36.	2.752e-41
36.1	2.77e-41
36.2	2.788e-41
36.3	2.806e-41
36.4	2.824e-41
36.5	2.842e-41
36.6	2.86e-41
36.7	2.879e-41
36.8	2.897e-41
36.9	2.916e-41
37.	2.935e-41
37.1	2.954e-41
37.2	2.973e-41
37.3	2.992e-41
37.4	3.011e-41
37.5	3.03e-41
37.6	3.049e-41
37.7	3.069e-41
37.8	3.088e-41
37.9	3.108e-41
38.	3.128e-41
38.1	3.148e-41
38.2	3.168e-41
38.3	3.188e-41
38.4	3.208e-41
38.5	3.228e-41
38.6	3.248e-41
38.7	3.269e-41
38.8	3.289e-41
38.9	3.31e-41
39.	3.331e-41
39.1	3.352e-41
39.2	3.373e-41
39.3	3.394e-41
39.4	3.415e-41
39.5	3.437e-41
39.6	3.458e-41
39.7	3.48e-41
39.8	3.501e-41
39.9	3.523e-41
40.	3.545e-41
40.1	3.567e-41
40.2	3.589e-41
40.3	3.611e-41
40.4	3.634e-41
40.5	3.656e-41
40.6	3.679e-41
40.7	3.702e-41
40.8	3.724e-41
40.9	3.747e-41
41.	3.77e-41
41.1	3.794e-41
41.2	3.817e-41
41.3	3.84e-41
41.4	3.864e-41
41.5	3.887e-41
41.6	3.911e-41
41.7	3.935e-41
41.8	3.959e-41
41.9	3.983e-41
42.	4.007e-41
42.1	4.032e-41
42.2	4.056e-41
42.3	4.081e-41
42.4	4.106e-41
42.5	4.131e-41
42.6	4.156e-41
42.7	4.181e-41
42.8	4.206e-41
42.9	4.231e-41
43.	4.257e-41
43.1	4.283e-41
43.2	4.308e-41
43.3	4.334e-41
43.4	4.36e-41
43.5	4.386e-41
43.6	4.413e-41
43.7	4.439e-41
43.8	4.465e-41
43.9	4.492e-41
44.	4.519e-41
44.1	4.546e-41
44.2	4.573e-41
44.3	4.6e-41
44.4	4.627e-41
44.5	4.655e-41
44.6	4.682e-41
44.7	4.71e-41
44.8	4.738e-41
44.9	4.766e-41
45.	4.794e-41
45.1	4.822e-41
45.2	4.85e-41
45.3	4.879e-41
45.4	4.908e-41
45.5	4.936e-41
45.6	4.965e-41
45.7	4.994e-41
45.8	5.023e-41
45.9	5.053e-41
46.	5.082e-41
46.1	5.112e-41
46.2	5.141e-41
46.3	5.188e-41
46.4	5.217e-41
46.5	5.245e-41
46.6	5.274e-41
46.7	5.303e-41
46.8	5.332e-41
46.9	5.361e-41
47.	5.39e-41
47.1	5.419e-41
47.2	5.449e-41
47.3	5.478e-41
47.4	5.508e-41
47.5	5.538e-41
47.6	5.567e-41
47.7	5.597e-41
47.8	5.627e-41
47.9	5.658e-41
48.	5.688e-41
48.1	5.718e-41
48.2	5.749e-41
48.3	5.779e-41
48.4	5.81e-41
48.5	5.841e-41
48.6	5.872e-41
48.7	5.903e-41
48.8	5.934e-41
48.9	5.965e-41
49.	5.996e-41
49.1	6.028e-41
49.2	6.059e-41
49.3	6.091e-41
49.4	6.122e-41
49.5	6.154e-41
49.6	6.186e-41
49.7	6.218e-41
49.8	6.25e-41
49.9	6.282e-41
50.	6.314e-41